84.40022408,  97.03561042, 111.46007411, 127.42167241,
       133.07043751, 130.40597774, 138.04105621, 130.16057468,
       127.02365483, 125.64745249, 128.75342302, 137.92228182,
       133.57914309, 130.08495019, 121.82496863, 127.41201096,
       122.21372017, 125.15444783, 112.69796375, 135.35560339,
       103.40681511,  94.4571723 ,  91.67762688,  99.15032423,
        92.40495527,  99.74472609, 101.2757068 ,  92.52350433,
        96.08946721, 111.74322716, 108.63424099, 114.86067647,
       105.01594125, 115.70815904, 131.19888366, 125.13662194,
       143.64898567, 132.18109322, 146.06163285, 137.54856428,
        75.58619267,  60.67536903,  74.46431938,  67.27498709,
        60.45835608,  66.80742609,  61.79483213,  56.19260303,
        49.69884328,  58.08278285, 107.85274284, 110.41245468,
       113.57786126,  95.56854244,  97.96993627,  97.51400065,
        91.75659441,  98.7801369 , 103.34515045,  87.86669769,
        54.57648459,  53.02793394,  58.3186706 ,  37.03947552,
        42.86173201,  43.01337095,  43.95438432,  54.35346653,
        51.31516491,  51.34631339,  51.98061369,  56.68121844,
        73.32831318,  60.6175202 ,  75.15322629,  64.50597963,
        62.74932901,  88.82312531,  87.38473076, 100.35272085,
       125.05396456, 127.85213144, 122.63609081, 128.06991656,
       135.5727716 , 130.66699095, 126.10082569, 140.64437425,
       132.11675917, 136.95752202,  94.32748982,  82.81793713,
        79.57413832,  44.65662915,  77.52597812,  85.93463472,
       103.119856  , 119.6235644 , 106.69683761, 121.58843878,
       115.53362662, 123.09521452, 120.35861035, 126.64995984,
       137.85124825, 136.57047819, 145.97302824, 147.13072493,
       134.35178565, 138.42088627,  98.34790629, 114.61982707,
       115.70306957, 117.4795687 , 120.3681937 , 124.32130292,
       128.67720029, 132.10198813, 122.6016388 , 117.05929245,
        88.99352356,  75.02802954,  84.35281198,  90.84141962,
        74.34574547,  53.56238548,  50.23537632,  57.73299936,
        64.24163316,  70.41858177,  91.52686531,  83.76513205,
        66.84488912,  92.37974691,  78.67317051,  75.56377806,
        73.36323913,  86.12777134,  82.44640692,  82.60709541,
        70.85440091,  69.84422609,  60.36039413,  73.73704774,
        64.42060102,  57.40800114,  77.34397127,  58.59199541,
        73.18104168,  73.09538101,  80.71412364,  85.94409152,
        89.68386053,  85.73041145,  85.76697598, 102.34476326,
        89.4222108 , 102.73169756,  90.76292051,  84.57392879,
       102.98463717,  86.97994855,  96.43856758,  92.29230242,
        92.5772839 , 100.85136257,  94.16078192,  99.22061594,
        90.96563066,  90.49466779, 130.12967063, 121.76699498,
       122.6428259 , 120.65280117, 118.69281338, 122.49755168,
       116.33714437, 109.00022446, 106.64060969,  96.82372999,
       104.65251133, 101.28997792, 110.90569544, 116.81088479,
       109.48706918, 112.95416077, 120.05676978, 135.25818272,
       129.38902607, 130.62732908,  69.86308861,  80.49151324,
        73.37746058,  73.67756792,  70.07882048,  72.82490684,
        66.07661422,  74.27170703,  83.41261074,  72.8995787 ,
        76.71744469,  64.9309111 ,  68.64228008,  81.42520819,
        64.10283695,  62.01975325,  64.48853522,  64.12960863,
        96.5887635 ,  75.11142805, 124.7151628 , 132.08422681,
       147.57863234, 134.79135398, 135.60573561, 147.55543676,
       145.05874189, 137.69491474, 131.17864297, 137.29445311,
       126.52671187, 133.82913707, 122.77002079, 130.1854582 ,
       136.74566541, 132.36493006, 131.10488088, 122.62965234,
       123.20640607, 118.93636306,  78.21352727,  74.71882683,
        73.33362353,  69.41679442,  89.67699799,  88.77859741,
       103.92668016, 110.81950234, 112.82806092, 126.2788509 ,
       118.10590286, 128.46088147, 134.18586052, 127.42126683,
       133.49947471, 130.41499924, 147.55592231, 135.70595184,
       131.90658569, 148.54103841, 100.33603517, 119.40388536,
       126.01625495, 134.94385444, 128.40169767, 130.31035699,
       132.21085262, 139.1165545 , 139.68546513, 148.68006367,
       123.17171818, 119.97657745, 130.46623132, 128.48119881,
       148.14258875, 137.48450486, 145.8377776 , 134.9579825 ,
       124.31175444, 124.2439151 , 112.51689405, 104.15083599,
       101.66550545,  95.08806786,  82.89554116,  79.13225483,
        81.93947097,  92.46431209,  80.93529019,  79.65843241,
        95.40174206,  91.36126251,  88.93645775,  56.06902766,
        37.69226559,  68.41928435,  53.98471289,  40.5009565 ,
        66.88619371,  62.87485919,  92.9453911 ,  91.03525904,
        90.89698435,  98.37356831,  94.64509475, 102.87941731,
       101.95901143,  99.16216641,  88.97519745, 103.39348532,
        77.9544081 ,  64.25797758,  74.55926958,  66.55705189,
        61.30572124,  68.36694814,  72.23506105,  60.97832735,
        82.78595925,  76.46437768,  75.59348625,  63.2317743 ,
        74.35289854,  78.73840867,  75.80483602,  81.18076726,
        79.06895137,  73.53377232,  92.454416  ,  87.69681547,
       139.21818402, 131.85203373, 140.53927661, 127.74619401,
       122.96295407, 125.03481766, 128.62190107, 116.54408542,
       111.12785003, 106.55857044,  79.06385882,  75.77579785,
        88.48564279,  88.21556641,  95.21872607,  76.84022904,
        76.68969092,  70.97972427,  93.13928829,  97.17040368,
        73.10472128,  82.83697077,  82.68529634,  76.88433134,
        81.69137679,  87.61522924,  66.15421327,  67.37901069,
        73.2587933 ,  70.51009348, 142.28403484, 134.32988301,
       138.23967519, 140.75549403, 145.10341143, 142.96405656,
       148.49157535, 146.77361378, 134.96660058, 153.26554064,
        68.96915291,  70.59737533,  74.46114174,  72.03333203,
        73.17297293,  69.95172803,  74.79472331,  66.40199499,
        71.02927036,  75.54400148, 125.91393688, 118.80882595,
       122.27425324, 122.1377472 , 131.60636822, 127.18045249,
       139.03791872, 129.66005658, 132.27110102, 135.74266783,
        76.64392115,  72.8353304 ,  69.70046424,  59.7712797 ,
        92.40222211,  69.02442092,  87.85265629,  91.48372641,
        68.36282095,  90.50230758, 119.24237047, 112.18832862,
       114.66465079, 114.59194744, 117.46604373, 125.46504841,
       124.0576637 , 127.00465537, 122.85886918, 126.93587243,
       124.1612604 , 129.35082248, 116.32054922, 121.71859719,
       124.93547603, 104.08625358,  99.84206993,  90.21416916,
        83.68495243,  95.18459304, 105.89848822, 114.82434906,
       117.27175374, 115.0549432 , 130.80934707, 129.70859966,
       141.70033427, 145.24284789, 143.57008621, 142.37019571,
       111.74050912, 113.52325503, 111.77863905, 107.54797377,
        93.00918435,  92.18656156,  73.79141568,  63.59404994,
        58.86622637,  61.69051929,  88.5153426 ,  87.22227162,
       101.13587705, 111.6501823 , 108.29795865, 118.91450268,
       117.24964997, 118.26161254, 130.92302277, 118.81924774,
       124.94555056, 134.52534723, 106.43784622,  86.87494443,
        90.19211273,  90.8998241 , 105.96492753, 110.3524981 ,
       114.84101871, 116.16880935, 118.29615738, 132.11190894,
       116.83798733, 124.7364907 , 120.4404909 , 117.01773869,
       115.40701894, 115.9248585 , 100.92323237,  93.9818139 ,
        89.58253   , 105.55190394, 112.60642256, 124.31359956,
       128.01439771, 145.94555649, 148.2029967 , 136.38928779,
       147.32500469, 136.28060553,  72.65322674,  63.77095152,
        70.89200802,  58.45362308,  78.89199374,  74.15827287,
        93.61120989,  78.04291695,  82.38902196,  88.24495201,
        91.73406128,  86.48196329,  92.5079072 ,  84.29362907,
        89.56048152, 102.5779344 , 112.73978453, 126.52645172,
       123.24982154, 114.83093161, 101.61659964,  99.41053495,
        84.39846794,  90.19557002,  90.99758776,  92.08024294,
        86.57766111, 110.08072286,  95.5708647 , 107.794795