113.33884681, 109.58370197, 100.01662773,  76.81057932,
        85.46499227,  91.73651865,  81.53368027,  86.82764835,
        86.45510021,  76.73700217, 116.2592165 , 102.70435117,
       110.28739207,  98.02499976,  82.76337082,  97.58432046,
        86.55899202,  92.60550868, 107.78877436,  92.17998507,
       142.82671495, 135.20608548, 141.47599111, 136.90138223,
       136.26399952, 130.18678443, 128.6703667 , 124.9908925 ,
       122.49055865, 110.590993  ,  96.67329792, 101.60999396,
        93.98389974,  95.89798942, 103.84899977, 112.9443536 ,
        96.06102634,  91.28937913, 104.34952828, 125.87906864,
       146.80974574, 146.351246  , 146.4481649 , 136.08201229,
       155.45316636, 147.53023171, 147.84318195, 138.71334766,
       140.56351536, 140.10348891,  54.08926355,  43.02633225,
        54.67637377,  46.18314333,  50.03831607,  60.02330322,
        38.26633979,  54.16497975,  46.25889154,  52.13767549,
       128.93962531, 138.92049187, 144.41355552, 129.12615773,
       127.14534001, 122.36533789, 123.91088665, 115.59993721,
       132.98837395, 113.34728947, 123.21053775, 101.35300955,
        91.52927586,  82.79200869,  75.19120981,  96.94651105,
       107.93971966, 100.14794807, 116.56312755, 123.73104014,
       143.35110218, 135.31742158, 130.39433745, 133.20446728,
       133.38446201, 119.51196998, 117.28905626, 120.23981835,
       107.33259883, 103.9961617 , 124.92886387,  95.23838867,
        92.09998076,  71.85767107,  68.78452909,  64.43414737,
        56.12462985,  46.89586388,  66.44920097,  78.06531626,
        94.90830565, 104.2315626 , 116.79339336, 126.35359382,
       118.75885131, 117.61541939, 119.7282012 , 125.45929477,
       133.53551384, 129.16828397,  87.82641169,  91.12396584,
        94.54514793,  81.99142331,  80.53851027, 100.4091973 ,
        90.41500071,  90.35033038,  88.26727515,  87.84955488,
       114.1451355 , 114.76901227, 111.42293141, 109.55318055,
       108.47013422,  85.36111473,  98.04927402, 101.16825663,
       101.84989601,  94.56917083, 101.62522659,  98.02048898,
       112.11659253,  99.32323664, 111.28246874,  94.48494825,
        86.47961488,  92.27250442,  85.19040736, 109.8318386 ,
        93.25793887, 108.56424637, 106.5599066 , 120.89466995,
       133.47179726, 123.12959052, 139.15233082, 130.5690467 ,
       128.2271265 , 127.52419028,  63.79858568,  68.62303392,
        72.44248575,  65.73256247,  74.56882653,  61.39888073,
        64.66961898,  71.96586525,  62.7577223 ,  56.33810707,
        64.14137722,  67.67575647,  63.38367856,  60.96040951,
        72.48271935,  65.87225597,  68.89685837,  69.04417342,
        68.31231514,  63.94527343,  97.49659949, 106.1865791 ,
       101.31609158,  97.67194993,  94.29537758,  88.35720711,
        89.81719472,  91.84299378, 105.51183468,  93.49600988,
        64.81720352,  61.63670569,  66.80695515,  73.86263211,
        62.35463182,  81.95212937,  69.40720785,  73.62769753,
        74.84923041,  77.33419484, 128.08263173, 126.97887373,
       137.05874803, 135.50633792, 148.82158931, 143.17703303,
       131.02491733, 137.72180894, 142.80733607, 133.17420165,
       104.28626786,  89.43207806,  93.44311788, 112.47917396,
       112.75218882, 120.8365402 , 127.12812648, 124.20076184,
       117.50483888, 121.79248641, 136.15038544, 137.39671259,
       134.11341925, 131.78198815, 127.65761454, 130.48714604,
       132.4472011 , 126.51564949, 123.72138368, 118.52566754,
        76.81701261,  75.54654132,  67.39497385,  60.72387104,
        68.17778535,  75.34333993,  68.92155317,  61.76002066,
        76.11528236,  69.98120933, 112.03466474, 110.13210941,
        86.39892751,  87.24373465,  85.96232333,  95.74654219,
       131.17073745, 110.74445276, 105.98407235, 115.21272425,
       112.93664076, 106.3025143 , 101.66205298,  87.24939154,
        98.48753358,  89.06204153,  88.9097088 ,  82.74471235,
       101.56615064,  75.48199039,  86.90131516,  92.71715763,
        87.16581164,  91.37473545,  85.89449438,  80.29211239,
        86.65561379,  90.09603159,  89.19994828,  79.04843671,
        86.52032816,  83.38906747,  83.42684362,  86.22846695,
        81.86775794,  83.166263  ,  91.42296407,  93.02525272,
       105.88947207, 102.62572831, 142.98085398, 126.53850686,
       132.20087162, 125.10230359, 121.97777384, 139.23551975,
       124.60956951, 133.70752335, 118.34541892, 106.25574208,
        79.93503053,  86.12774207,  88.64345418,  90.36342474,
        92.32158753,  97.31725936, 108.1208176 , 112.93477473,
       112.4111729 , 134.71111193,  96.85236402,  96.92386873,
        98.37132702, 122.34465692, 125.32819775, 154.57361186,
       134.65757757, 145.9261425 , 152.61271732, 130.83913643,
       112.24369462, 107.2079051 ,  93.93825097, 116.80266001,
        95.60622878,  87.98317299,  90.52736275,  95.46312308,
        93.29667365,  92.05713519, 100.36311599,  99.30015228,
       104.18285361, 100.25813323,  95.30753299, 106.3034099 ,
       103.19394043, 100.29423574,  93.99404002, 109.58365228,
        91.07504462,  82.93580253,  78.51047102,  84.62629412,
        87.50120821,  76.47010234,  95.34769456, 102.21770984,
       112.30291538, 113.13209956, 141.65917579, 117.64128574,
       118.95286621, 129.38025718, 130.51787337, 132.40175527,
       133.32943117, 151.68835493, 135.98350441, 136.60177984,
       108.42395535, 106.13604032, 116.70649323, 129.24116435,
       119.06629885, 125.21386112, 132.88952924, 136.9052113 ,
       139.71070112, 135.70683512, 116.4426057 , 121.98126386,
       110.55720606, 111.79735104, 105.82474013,  96.91173806,
        98.23859877, 104.6693028 , 100.47040778, 101.64372358,
       151.77141341, 140.05230347, 149.68456601, 141.36315869,
       137.33554556, 145.9762165 , 138.48885967, 138.77803516,
       135.84666175, 142.1380306 ,  67.91147575,  78.29498614,
        74.81004216,  80.38025186,  69.25905516,  71.20870356,
        66.34589697,  68.32231483,  63.65029257,  73.06797792,
       143.18712231, 123.83289361, 133.26381086, 130.16744716,
       114.37202664, 109.88558112, 135.30077516, 110.89331933,
        88.43679466, 110.62589108,  72.7454454 ,  73.35450152,
        69.65700607,  65.74558699,  75.36835004,  80.31895097,
        74.81942928,  73.67221096,  73.57539188,  75.30288726,
       131.56479037, 138.58676548, 137.4885376 , 139.75424607,
       142.40623653, 140.77788156, 129.41465513, 149.48711506,
       138.77832535, 159.01283004, 132.03646844, 134.88138154,
       146.61318523, 139.73377139, 133.75961862, 146.87766567,
       127.67596619, 127.55247977, 124.27500857, 118.46560189,
       127.00880992, 132.24188746, 141.29032729, 138.82625111,
       145.20120598, 138.92177026, 147.84714171, 141.80022636,
       144.62661464, 157.93535714, 124.66936369, 124.14729775,
       139.42352438, 130.13765947, 140.28621697, 136.33794135,
       133.43503735, 139.67064927, 137.39027544, 139.41995772,
       138.24033696, 146.61656804, 137.68824642, 140.07655592,
       143.61958086, 125.48228182, 134.84477104, 128.09710976,
       120.70810187, 116.40512279, 101.24545546,  94.40055192,
        97.97264907, 113.13476433, 128.20129066, 137.17051747,
       143.806363  , 131.99749131, 135.24722324, 144.91610467,
       100.20643887, 100.24903302,  98.8647716 , 100.64499538,
       100.7027778 ,  91.88696941,  91.93142185,  99.08970289,
        94.10403559,  97.23034105,  98.60098285, 109.44634639,
        99.60282691, 107.22218872,  90.33490736, 101.55135016,
       116.00077272, 110.8381574 , 116.99413288, 127.78063345,
       136.47546238, 130.00179843, 129.79687453, 130.7959493 ,
       118.68210194, 122.94230691, 118.31717711, 111.69554876,
       107.36844972, 116.40592471, 119.77060993, 119.89235041,
       127.20834848, 130.10718266, 131.63886021, 139.07775292,
       137.80899904, 142.1474225 , 151.56160929, 148.88962259